90113	4264,5328,8765,3827,156
49159	28843,10000,1922,21321,8613
8	1631,10742,14121,29097,28843
16394	1293,4806,17928,25488,3576
106507	1752,8223,1712,1973,4493
57359	5448,1087,1752,49957,20624
8216	5845,17016,5855,3112,16996
65563	5448,4264,19249,4795,8936
32	59,20624,10742,35,2178
90145	4264,11918,2178,5177,6290
16419	8019,59,10043,6290,14121
8232	571,5845,4264,16947,3989
57	358,5448,8241,4264,262
16450	589,1087,2448,3859,807
73797	3217,8000,8003,1712,8258
32839	24750,28463,1631,2265,2305
65612	4806,4391,5874,3576,24141
71011	2720,5448,4657,10742,4460
82006	21051,11057,2252,2265,1752
57443	7535,4114,5448,8089,806
5478	5448,6349,14546,4276,6359
16495	2178,11419,17919,11403,4342
41072	1631,2618,358,13229,9132
49268	2720,741,589,16673,709
32889	10043,1712,358,2288,1692
8315	5546,16944,1087,2358,5874
50538	5448,1752,1087,49957,20624
16512	6290,6852,4750,10117,6123
106631	9100,3513,6849,4846,4044
16524	1752,363,1087,589,3089
32910	5448,1087,1752,49957,2178
8336	5328,2395,8241,5448,5546
147	358,8089,156,1712,182
49300	41798,28843,156,6123,3189
82073	7471,5328,1752,2366,2358
8351	4638,589,5448,5560,20624
57505	5448,1087,4114,1752,3446
98331	2720,2178,20931,10743,12539
16553	4041,8003,1303,7974,6123
101063	3468,1746,8981,4838,363
82093	5328,2293,2281,1087,2305
49329	1087,2720,1939,28843,5982
90290	8089,22913,5720,23966,1712
98483	5448,2720,49957,2178,1752
8373	20624,6808,5448,5560,28399
41150	358,6808,11903,11115,8089
98495	1752,5448,21051,1303,589
24608	1293,13360,1303,3561,6121
8386	12447,5191,50543,13506,6121
76931	6808,1087,6707,3603,4385
49363	6849,6808,1293,1746,12464
73941	5448,1087,20624,49957,2720
8408	24750,4837,59,618,23966
16602	7487,4391,11115,6151,17928
82141	1087,5448,1752,6707,589
41183	6290,16674,14121,8019,4724
24802	5328,17366,5191,2305,9397
233	1752,8981,1712,8089,10633
73962	1712,3112,1087,20624,1293
4135	608,9370,9372,9368,9378
65775	8089,589,6230,7216,1712
41201	7535,1752,1293,363,17928
242	8981,27741,1293,1746,607
106739	589,11936,6707,8241,9320
8445	7535,4041,6123,1087,5720
49408	5448,2720,4114,49957,3446
16643	6123,7350,156,3603,17597
8452	5448,2618,10043,6123,4041
65800	10742,20441,25311,5546,3112
55267	1631,11936,4114,45,28843
33045	11115,4837,6359,4899,3446
106781	1293,17928,9184,3918,5720
74019	2656,5448,8019,3446,10736
8484	13506,4264,156,5448,13781
16679	11115,2921,12436,2656,156
302	1746,3859,589,3468,363
319	633,667,607,589,635
90433	1752,1303,4114,8241,10633
74053	1976,2618,11115,2856,1746
49482	589,3603,1087,3446,20023
41291	5448,1752,1087,49957,20624
98636	14411,2305,5448,1406,1752
336	10742,6349,3112,25311,8294
57681	1631,589,1922,10742,21552
33106	5177,20335,14121,1752,17366
16727	1303,1752,13229,6290,4718
17807	6808,4391,3603,303,10743
24924	5191,6808,6349,12447,3112
33121	589,2395,10742,5448,2358
8554	6121,3520,4838,2618,2288
82284	2656,3446,2547,607,1494
41330	2305,1406,1922,21051,4385
33139	5448,1087,49957,20624,3446
372	4114,7535,6349,12436,3112
8567	4806,2178,35,17949,11115
57722	7216,5448,39473,3217,1712
74110	1631,7471,9870,28843,1570
65928	3513,4899,1293,11115,12447
33163	5448,1087,1752,2720,2178
90178	8089,14411,12011,23966,44866
16042	2720,618,7471,6123,2265
98720	2178,16673,1570,28843,2720
41379	2178,10743,13506,9145,7350
8612	4806,3619,3611,10736,6997
427	2720,5448,4114,1303,7535
8622	11161,156,4778,3620,10742
106931	1570,6253,12781,28843,5512
49591	2178,2720,9870,2618,11115
16834	8089,4264,17597,24280,8698
33225	2241,4838,6290,1406,6852
56055	1712,4806,235,59,3561
90582	5191,6707,2178,3827,10439
82395	2178,5448,14121,6707,8765
39674	10043,1922,13506,13312,4391
8670	156,1087,11334,4657,5329
98784	589,10117,6123,4041,4750
16867	1712,1752,6852,8019,14411
485	2720,7974,2618,23966,3513
8680	4041,607,2656,6707,1554
74225	6751,2921,212,5952,11263
66034	4553,5982,2720,1483,2921
8691	2178,28811,8765,18455,2815
41461	22913,2265,1922,41554,3446
57848	1087,5448,1752,49957,20624
82425	2720,2921,7471,5329,6013
107005	24750,10742,20624,39473,28463
41470	5448,1087,49957,1752,2720
49238	4838,363,17928,2497,16996
521	7535,1087,20838,2720,5720
8716	5874,12436,18535,18397,18409
74254	7535,4114,12436,5329,1087
16915	156,6808,1087,6707,2618
66073	1752,1087,2178,49957,20624
538	12539,1406,1416,4806,1400
83375	156,5874,622,2497,2178
25116	11115,6808,25488,4385,1087
74271	21900,4264,2288,24459,11903
41505	1303,5448,3446,3603,14411
8743	2720,10290,2178,12539,25488
33328	358,5448,10043,8241,156
98870	182,17928,9184,29811,17597
16953	1752,4041,5982,589,1087
107072	3112,4806,1712,30147,39473
8775	6707,1087,5874,2178,14121
16972	4806,12436,4638,12464,13312
74322	3859,589,5720,608,1746
8291	5720,11936,16944,6121,571
57943	2720,1752,11115,363,1087
8794	14121,156,2178,2497,45
41568	59,841,29105,3112,5448
57956	5448,8241,5191,12436,14411
16998	7265,4264,11582,16513,156
83388	4264,5448,1087,16944,156
620	4750,4114,1526,17382,1373
66163	2720,5448,2178,6230,5874
98932	7535,5448,1293,4114,1087
17021	6359,2720,1303,3446,4114
49792	5448,1087,49957,1752,20624
56760	3520,3468,10117,156,13229
19222	17382,9397,28463,6299,2994
41610	17491,4114,17839,17820,11115
74379	3520,6707,6123,5448,618
33422	5874,2178,4264,28843,2720
57999	5191,2178,5929,6715,6808
98963	5448,5191,4114,7535,2720
66198	3446,25488,14411,5191,21051
74391	21051,1110,20624,35,25100
49816	7535,4114,17820,6536,9452
1476	3112,3319,20478,5546,15433
107171	4041,156,4806,3112,6087
25253	1516,2178,2656,4638,1922
49839	10742,25366,8294,25311,10043
33457	7535,9452,26595,5328,4114
8883	5448,2178,2720,24750,5329
98998	5191,5448,3112,7535,806
49850	5448,20624,1752,49957,589
82630	3619,1516,11263,2804,21051
8905	5448,5329,7216,59,2178
74444	5448,2720,4114,4041,49957
17102	4041,2618,2720,9132,9100
99026	5448,1752,1087,49957,2720
41685	11115,156,13506,4264,4114
107984	5448,2720,8241,14411,4041
99046	1752,6707,1087,14121,5448
25319	589,156,6123,3520,3513
58088	1752,1087,4114,10742,1922
17130	11115,3446,5448,17928,1293
8953	5191,3603,6123,4041,3446
90877	7216,54996,7894,8315,8019
8974	1922,3858,5512,1746,589
788	11057,2533,2656,2497,41554
99093	6707,807,14121,5191,20335
41759	5448,2720,1087,6707,1303
17187	5448,4114,3252,10043,13781
8997	11258,28843,1570,28878,68
58150	5448,1752,1087,49957,20624
90925	2178,6715,6714,11584,10743
17200	5448,5191,2305,1712,1922
819	1554,607,16561,1553,608
9016	1752,8981,6123,363,303
17210	4724,6349,8019,5191,13360
41788	2720,24750,5437,13360,59
58181	156,7216,45,14121,6123
41801	4750,4391,589,4751,6852
61581	1752,5448,1087,2720,20624
74577	1752,4838,589,2497,1110
82770	806,14915,589,4114,17382
66388	7974,3513,4460,8651,2178
73870	1087,7535,3112,13781,20478
33625	5448,2720,1087,2178,49957
50012	13360,7216,3603,4657,5328
9054	1303,12071,10043,8981,4114
107361	22913,8089,1553,22947,7535
103913	1752,156,4041,3857,6123
107385	5448,1752,2720,7535,49957
66428	5448,1087,49957,1752,2720
99207	5191,2288,2252,6715,8681
50064	1293,11903,3446,7535,3989
913	7471,4806,9184,3561,1749
9106	1752,8089,4114,13360,22913
17308	3446,2656,21051,24750,10381
91038	806,12437,4750,2178,6349
934	5448,1752,2720,1087,49957
33703	11115,8765,5448,564,10043
25515	589,10742,5448,20624,59
99246	1752,1087,49957,5448,2178
41911	3112,7535,841,2178,4114
9145	5191,22913,8089,6121,1922
17340	3446,3858,2265,24750,607
9152	1922,6121,22913,6123,5720
82887	3112,3319,20478,5546,15433
10125	5191,5448,20624,2178,49957
970	7535,5177,608,12001,14411
67063	5191,2178,7350,14121,4724
53410	5191,1293,5448,1752,23548
9167	10043,4041,1763,23580,4806
82897	9150,12436,5448,5546,10742
33746	6121,8981,11115,17491,3937
74708	4391,11115,1939,12436,29811
91110	806,5929,1752,6349,1087
58346	3446,3513,1922,7974,3516
9198	10261,6290,1303,19782,10736
17397	2358,2281,4391,1712,8315
1016	1976,2656,608,30202,10803
107521	22913,7535,23966,23965,14244
91138	11115,1087,806,1752,589
1033	2618,566,2656,3858,2288
33804	9452,14411,5546,1293,4899
99345	21768,21907,21893,2288,21900
50195	11057,11115,1516,1553,22913
17430	1712,5191,5720,20838,8936
1049	2618,3520,807,6808,10426
99354	1752,1087,5448,49957,4114
82979	10742,2178,28843,1922,1087
91172	1110,7974,4493,3513,9145
74793	1303,2281,2339,6121,3603
99379	6348,17382,17757,4264,1087
17462	6349,11903,235,1087,6359
83001	4264,20451,3858,16180,3857
99392	5448,7216,3603,1712,11161
1094	14121,4655,2656,4631,4750
50255	1752,3520,10043,1303,564
1113	5328,2265,2252,7471,2247
42074	6808,5448,3446,4899,2656
74843	7216,25175,3112,8294,262
83039	1922,3520,3858,10742,3516
58464	4114,8019,41554,11057,12464
66662	3112,12436,5328,1087,10742
72551	1303,10043,12436,4750,3603
107636	7728,3446,1752,5191,363
66681	5448,1922,1087,10742,4114
25723	1752,21051,8241,10633,6808
1149	1087,2358,2618,6808,608
83070	3446,25488,3603,4806,4837
15211	1110,2656,1554,4750,2339
33925	589,358,7974,4724,9320
25738	11115,6349,742,6359,2618
106690	2358,15248,6359,4750,19304
17555	4553,1922,8241,2921,7974
58519	4806,4750,4391,11246,11182
66713	156,4264,2288,17928,1922
107686	3112,8241,1293,13865,25652
72563	6808,21051,11115,5328,5546
99512	5448,1303,5191,6290,12539
9402	4838,7535,5329,7350,363
25795	1087,10742,20624,5546,156
66759	1939,5982,9145,4553,5191
42186	5448,2178,20624,2720,1087
99536	1303,5448,3603,4041,589
34001	1752,1087,363,5982,607
25810	1752,1087,3446,10117,3520
50387	5191,2178,806,17366,6290
74967	3603,6808,13360,1303,2603
9440	1752,5191,1293,3112,12464
17633	10742,28843,841,3298,3112
58602	1087,5448,5329,49957,3112
25835	1293,5448,1752,7535,8089
83181	1752,3446,1303,1922,6707
1263	2656,3446,1553,1494,11057
91381	1752,363,7535,13360,1303
17659	5191,11115,1939,8241,12436
9469	10446,4750,4041,3446,11485
32981	5328,2281,2358,2305,2299
50438	3603,6349,25175,7216,6707
75015	6714,1087,589,22432,5720
66824	5546,6299,3252,6348,4638
42250	5929,1752,1087,6299,6349
9486	4750,4631,1110,2720,10743
1296	3520,5448,3446,2178,3603
17684	24750,5448,4657,1087,49957
66844	1087,5448,1752,2720,49957
65754	1087,12436,2655,1752,14045
39813	10742,4657,33833,2720,25311
1320	2178,5448,8765,2639,14121
17711	6121,8089,1303,20931,11903
1328	2921,8019,10000,6013,7471
76680	12436,4264,4114,17820,13506
75061	2178,5874,2720,1087,6707
91446	1752,11115,363,1303,13360
9528	20478,14411,3112,8936,7535
91458	1752,5448,7535,1087,49957
99654	2178,10742,25366,3275,3298
1352	3619,11263,6299,2847,3112
58699	6013,24503,3619,4529,10000
9548	1712,6707,8241,5448,3112
25936	7535,5448,2618,23966,14411
107862	8241,3112,5448,14411,5328
91479	363,11115,1752,13360,5191
9566	5448,5328,8241,2720,358
75110	2720,2618,10446,5448,14121
9578	10742,3112,5448,25311,13781
83318	1922,1752,5191,1303,3603
87615	4264,17919,2178,10043,13781
50556	7535,5448,3446,5329,16674
9600	14411,2395,5448,21056,8936
58758	9320,10736,3859,12758,20674
34183	5448,1752,1087,49957,20624
1423	3112,5929,1553,17382,2497
58771	1087,363,4264,607,7262
83355	1922,5191,3859,612,3818
26018	6290,4041,15297,1752,608
17829	5448,1087,20624,10742,49957
50603	3112,4974,28843,12436,4114
49394	1483,11057,156,3112,22913
75182	1303,1752,4114,5448,4276
1455	806,14915,589,4114,17382
26036	10742,14822,1922,12436,30736
9660	20690,20695,20704,13590,20707
17855	4724,8019,4114,235,7535
50628	22234,589,21051,6348,5546
83408	5448,4114,8981,7535,11115
42450	1087,589,20624,2720,5448
9689	20676,20624,1293,20677,20667
34267	4114,1922,21051,4750,50543
17884	3112,4114,2720,5448,7535
75232	5448,2178,4114,7535,6349
1505	9150,12436,5448,10742,5546
91618	13229,16584,13219,2656,1922
91638	1922,4638,13312,1752,12436
58871	4391,12436,4657,4837,3603
75265	1752,589,14411,15297,1087
58882	6290,10043,12436,8019,5177
108035	10742,1746,589,1087,1752
50698	2358,741,1746,7487,13018
58898	1110,2994,2720,607,1494
259	4041,3858,8981,1752,607
1557	4264,20451,16180,3858,3857
42525	24459,28843,24750,10742,28463
9766	2720,2178,5874,20903,6349
58923	1922,4041,6808,1087,564
50732	3561,59,4657,35,17258
83503	4114,5448,7535,11115,3112
58935	5448,3112,6230,2655,7894
75324	5328,24098,1976,6849,11115
9796	20838,12539,22947,10743,12512
26183	1746,1922,607,612,589
50763	2178,3112,3597,35,28843
67148	10742,1631,5328,1939,1087
91730	4391,12436,17366,29673,9145
26200	1303,7350,4041,5448,12539
87652	3827,10701,8736,1746,607
34396	10742,5177,7974,47554,16674
91764	2358,5191,4391,6707,5448
9845	1752,14411,21057,21062,2305
59005	2178,12436,6715,25366,22947
75391	1752,1087,5448,49957,1922
42630	1087,5448,10742,20624,4638
83527	1406,5448,11670,17820,17366
26261	28463,6204,11115,4626,2994
50838	3597,2241,156,2288,14651
42649	5448,1752,3446,2178,5191
83619	1406,589,4750,11670,17382
1701	1922,3858,2002,566,1951
50854	5448,1752,1087,49957,20624
75445	2720,1087,5874,9452,9397
42679	5448,1752,1087,49957,20624
83640	5448,589,8981,11115,20624
9917	2178,16673,2720,28843,5874
26305	7535,6290,2178,10071,38082
18115	3112,59,35,5329,28729
9928	6123,10117,589,4041,13506
1751	3446,4778,25488,6707,4806
90404	8089,8241,7535,22913,44866
83675	8981,2241,20624,5329,1752
91868	13506,5448,10043,589,1922
26333	1922,3112,4385,5982,1406
18144	12436,4750,17366,1303,4264
75490	2720,7974,1110,21051,2921
50917	1087,5546,4264,10742,17919
34537	2178,1746,10743,1516,22913
83690	5329,20624,8981,4838,2241
1774	1922,5191,1752,1303,2252
75507	2241,4806,1712,2497,8089
50941	1922,6707,10743,2178,5191
9985	182,17928,9184,29811,1712
100111	6715,11115,6808,156,6714
75540	5448,1752,1087,49957,20624
83734	35,20624,4626,3619,4553
1822	1922,3859,2178,612,622
34600	5448,1752,1087,49957,20624
75561	5191,3112,4553,4385,5982
59180	5448,20624,3446,1087,6707
100149	3112,806,25175,6230,4629
1856	156,4264,16944,3520,5874
10054	5448,4114,3112,1293,1087
59208	4114,20451,1087,212,3252
51017	7535,3513,35,3446,25488
42841	2720,3513,25488,11115,1110
34652	5448,1752,49957,1087,2720
91998	10043,564,1303,9320,4750
1887	5448,1087,4264,589,156
75626	8019,35,4460,5329,2921
92017	11115,4750,13506,4837,4391
42872	5448,49957,1752,1087,20624
59264	1087,621,3989,3544,13865
26497	1922,2191,13506,21051,1939
83844	1110,4750,2656,17382,35
100232	1087,5448,2720,20624,3112
102722	1752,6290,7974,1922,10000
43164	9320,13506,4750,1922,6121
1952	8981,11115,7535,3513,3446
51114	2720,1712,7974,20624,28843
90629	25366,7350,1746,6123,633
18349	12447,11115,8019,6204,8981
26550	4806,2241,17928,17595,1922
90442	1752,1087,49957,1922,20624
83903	1400,3513,1110,4683,4684
10178	6707,14121,6808,20335,1752
1987	4114,7535,1293,4899,11115
42950	2720,51578,5982,4657,3619
67528	358,2618,5328,10261,2293
34764	17928,10043,17597,8698,156
51149	5448,1087,49957,20624,2720
10192	5191,807,709,589,29693
26579	3112,5874,806,2178,28843
67549	5448,20624,2178,49957,1087
75749	10742,2178,14121,59,1631
2022	5448,4114,17820,11115,1406
106833	29811,5328,20667,5387,29785
2032	1406,589,11670,17382,17366
83954	3446,5448,1752,1087,20624
51188	5982,4114,15388,3112,25488
34807	2178,5929,5191,1854,12464
10235	21774,23325,17597,230,6808
30378	5448,11115,8981,6123,235
26623	10742,10258,1087,11419,2207
2055	8981,4529,4535,5329,4838
10253	2288,5191,2252,21730,22932
92177	28463,6382,17382,20624,1526
26642	1293,235,7535,17597,24459
75803	4750,3603,1303,6123,3520
26654	14121,2178,45,1570,28843
43046	1752,5191,1087,2656,156
34860	2720,9150,5546,8241,589
18481	589,3217,2720,1712,16944
26679	5448,589,20624,5874,2178
67640	589,4041,571,3858,607
43070	1712,4806,10043,19633,5328
9909	5448,589,2395,1406,3252
10313	1087,1752,5448,4657,10742
2128	5329,20624,1752,8981,1746
51283	363,1763,607,2288,1293
10327	5448,3603,1752,1712,1303
2151	35,20624,3513,4529,3619
100456	3112,5874,806,1087,3619
26747	21051,1922,1752,20624,4638
10376	5448,7216,1303,5191,6123
65900	1752,589,10117,7974,1303
92302	7974,11936,2720,6083,7535
84115	4114,12447,4041,11115,7974
51351	5448,1087,49957,1752,20624
18588	5177,10633,14121,5936,2178
92318	4114,1087,1752,5448,7535
67744	5191,2281,1746,14411,7350
26787	1087,10742,5546,2178,1631
59557	589,5448,20624,10742,2720
51367	1303,5177,2656,2178,12473
67762	5448,1752,1087,49957,20624
51379	4114,3112,2656,2178,4806
92341	1087,4114,7535,156,17919
2232	4750,2656,1110,17382,13018
10425	1303,5448,6077,5191,6290
35010	5874,28843,741,10802,10743
43204	3619,2720,28843,2241,21051
59596	156,303,17928,8089,1752
67794	4750,6290,7487,13312,4385
14030	8089,7974,5191,1303,1712
35030	5448,1087,1752,49957,20624
75998	1922,5448,3446,589,49957
92383	1087,4114,7535,235,1752
12667	235,17597,28843,27753,16673
18666	2178,1087,5448,49957,2720
51444	2618,5177,2603,3520,7535
10486	5191,3603,4041,7350,589
2300	1110,1526,1400,3513,11115
92419	4806,3576,3561,9320,156
84229	807,8698,13312,5177,4385
2315	3513,3446,3597,4535,2241
10510	2178,16148,9150,3870,12436
84239	10043,4276,6290,19249,1303
35089	4391,2656,13614,1922,28878
2330	4114,4041,12447,7974,11115
10523	6808,3603,303,11115,156
51488	5448,6230,6707,2720,25100
43301	5448,1752,1087,49957,20624
60465	17561,7350,20838,5720,8089
92465	3513,11115,4114,1293,4913
18745	3446,4657,4750,3603,3513
92476	5448,1087,1752,49957,4114
2367	4114,8019,6290,8089,8648
10567	3112,25175,3619,806,6230
26954	8089,17597,235,22913,1712
67926	59,1631,14121,35,20624
51543	5191,6808,235,358,4385
2393	807,13312,5154,4391,8648
10587	5874,1087,806,1406,2395
26974	5448,1752,1087,49957,20624
42725	11936,1763,2720,38082,4114
18785	2265,21051,22932,24750,2720
5863	1752,11248,14822,3520,10633
59756	11115,4114,3513,6013,7535
51579	2178,14121,12464,16148,12473
10620	7535,3112,20478,20451,841
27006	5874,2178,4114,12436,16148
2437	6290,10043,1303,4276,11903
31809	3112,12464,8019,54996,7216
10634	156,4114,28843,3858,1516
84365	5448,358,7535,363,2655
67984	2720,5448,4529,4657,1087
27025	5448,1087,4114,3112,2720
92564	6808,4724,10426,4114,4899
35223	3858,8019,17928,9150,10000
2462	5448,1752,7535,358,4432
51631	1087,2720,5448,49957,1752
68017	1752,10117,349,1303,5448
2487	358,5328,806,3217,8019
10680	48731,1483,1553,41554,12464
27065	22913,2305,12447,11903,2265
35259	5448,1752,1087,49957,20624
2498	1570,589,1631,28463,10734
10691	17928,4838,19249,6849,12083
92616	5448,4750,1303,4114,3603
18893	2720,5720,4041,24750,10117
92631	8019,7974,1303,23966,6290
35289	20451,2241,59,14121,42
59871	607,1746,3603,3827,649
10725	3468,7350,1746,8981,10701
18924	17928,6121,1293,11115,4806
43502	589,8981,10117,6290,742
94632	4264,5874,2178,3520,156
59890	2720,1087,26595,5329,363
10740	3468,3858,8981,6997,1752
2549	589,20624,4638,1570,1973
68086	2720,6230,7216,7471,12551
76885	10071,5329,20478,14411,5448
27143	10633,8019,28843,2178,2786
2570	20624,20667,14651,10736,5617
92690	8019,1854,14244,39473,14406
100884	156,4114,28843,3858,7210
2586	12781,9184,1293,17928,14925
27166	11670,5874,5546,2178,16944
43554	1631,10742,9150,5546,1939
84521	589,20624,4638,1973,1951
27181	5448,6349,2720,4724,6290
35374	4750,7974,1110,14121,4631
43570	5448,1087,49957,1752,20624
2611	1087,7535,212,3112,7369
72798	8089,4114,6290,4264,17820
10808	807,11258,3468,571,5512
64607	17366,4638,13312,6349,29673
19009	5448,5191,6707,8241,20624
51780	5191,5448,14121,6707,4385
84552	20624,20667,14651,10736,4638
96012	5448,11918,59,2618,4041
59979	2265,26595,4114,2720,11057
35404	5874,7535,3112,3576,12436
68174	1087,1752,4114,2720,49957
10831	9150,1087,2618,3298,807
84568	12781,9184,17928,1293,14925
27229	8089,212,1712,1752,262
35440	7350,17597,6123,10117,8455
100981	11057,48731,1293,17928,22352
84603	1087,7535,16996,3989,212
19071	5448,2720,5191,8241,20624
7275	9150,13229,6349,15248,11104
68228	8765,2178,3857,5874,28843
10885	6707,156,3603,6808,4041
27275	20624,8241,9150,5328,2656
84620	1087,1752,3619,5982,2720
2701	5982,3619,6123,1752,2720
35480	12447,2339,4114,11115,8019
2716	7350,4838,17928,4041,4416
43678	5191,8241,2720,20335,5448
76447	4750,2720,4657,4385,1110
60064	4553,4529,5329,1939,51576
101038	4838,17928,7350,6849,19249
55466	5448,1087,2720,49957,1752
2748	7350,7438,6151,5437,11115
35518	7535,1087,5448,6349,5874
68288	5982,2720,1752,8003,5845
10949	11161,1752,4778,2241,4685
92871	5448,49957,20624,2178,1752
68308	1570,1631,571,4114,4913
35541	59,6349,4638,3112,21900
92890	39473,14373,14337,14346,11246
101084	3858,3468,10742,11258,807
10990	4041,7535,14045,4899,5329
76529	11419,5982,11263,10742,3619
27380	2288,10043,1922,5177,1303
11001	7535,10742,10701,8765,10457
75927	1631,1110,2720,1712,8089
32282	22913,12447,5191,12071,1752
68360	806,741,13865,4718,7336
2831	4638,6392,10742,6398,14546
51985	1922,4114,10743,12436,2656
3203	4264,11334,156,2288,17597
76566	1922,1752,4114,49957,22913
27421	5448,1752,1087,2178,20624
11042	2241,4806,17928,7535,2265
106971	5512,24750,8981,20624,11089
15494	4385,5191,10381,4391,6349
92968	5448,6349,24750,6359,6230
27443	7216,5448,10742,5328,3112
84791	3619,1752,2720,6053,5930
76601	3112,6707,2603,2395,12436
60219	5448,1752,1087,49957,20624
35646	10043,235,358,8241,7216
2879	6359,6299,6349,6348,4638
93000	2178,4638,806,4342,14312
11081	22913,17928,11057,19450,6121
27466	1922,2720,1087,28843,20624
101198	10742,3858,807,9150,9870
68439	4114,235,8089,2720,10117
2911	2720,10446,2618,2178,2265
11109	1752,1922,1303,11057,14244
93030	1631,20667,4750,54996,28878
33256	1752,4114,10043,49957,5448
2934	1303,5448,5191,3603,6707
19320	1752,363,2618,5177,571
68476	4041,12436,4750,8765,11115
19334	5448,1752,1087,49957,20624
11144	3446,1303,10117,23965,608
93070	11903,4114,2339,1752,12464
2961	5191,4385,4837,22913,6714
27541	21051,7471,1293,2265,607
19354	2178,2720,14121,49957,35
11166	3858,9150,11115,17928,12436
35745	1087,10742,5546,3252,156
2989	589,8981,6808,3446,4042
84917	5982,3619,6161,7350,1752
68536	1752,1087,1712,8981,363
93114	8089,589,6852,3095,14870
60349	1752,5448,1087,20624,49957
76734	5448,1303,2603,3561,3520
43978	4806,4041,1922,25488,9320
52177	4114,11057,9433,1922,77355
101331	1087,10742,5448,2178,1752
3032	3603,8315,2281,10043,3858
68581	5448,1752,1087,49957,20624
27624	5448,2241,8981,8089,5191
19433	607,1746,12781,7350,2178
44010	5191,20335,8241,1712,2305
60395	2618,2281,6808,2288,1746
84972	7350,11115,6123,4416,589
27640	10117,7974,589,8981,11936
11260	2720,6121,3446,4044,4041
35848	2720,5448,3112,4114,20624
11274	589,15008,1406,15010,25932
3083	4750,3858,3603,11182,11246
44046	9870,5191,1746,2178,10742
11295	1922,17341,2497,24265,4553
76837	4114,7535,571,5874,12436
19500	5448,1752,1087,49957,20624
101421	5448,6707,6808,156,566
27697	5448,5177,589,3987,6707
3122	156,4264,2339,1087,3520
27706	10742,35,59,1631,1087
35908	5448,1087,20624,2720,4114
52303	2720,589,20838,1110,10734
35921	5448,1752,1087,49957,20624
68693	24750,59,8765,2178,38082
101470	3112,11161,4838,4778,20023
93282	2720,4114,49957,5448,1087
27748	8241,841,4114,10071,3112
11367	6299,2720,11419,11334,5329
19560	589,1752,2497,8981,607
76912	5448,1752,1087,49957,20624
49683	1631,10742,28843,10071,42
68737	1303,5191,5448,2603,4041
52355	1483,22913,2339,2533,2485
44166	1752,22913,1922,11057,5191
11402	8019,7535,10043,6290,8981
3220	1752,1303,8703,6290,10043
35995	11936,571,6121,9320,5720
3233	2281,607,608,2265,14373
11428	6290,4114,12436,5004,10043
19622	7535,16674,4114,8089,11936
52394	1752,5448,1087,49957,20624
76972	1293,16180,1752,212,5328
85166	7438,5437,6382,6230,6216
19634	5448,1752,1087,49957,20624
60597	1087,1752,22913,3446,5982
27832	3513,4042,8981,12781,7974
3257	4806,12512,6715,11584,12539
60610	8936,2305,24459,3112,6348
3279	2720,1087,6808,6359,9150
11475	607,2265,2281,7471,1087
93408	2720,7974,25100,11936,4724
19688	28463,2241,21908,4629,4626
16935	1752,2339,2335,303,8089
60654	589,5546,2358,10742,4638
7379	4041,589,6123,11089,3520
44278	2178,11115,4806,10736,5191
101624	5448,4041,7535,14045,10043
52474	11057,1922,1553,1483,1494
93437	5448,4114,20624,1087,1752
27910	2178,4264,1631,6715,11582
3337	5929,5191,11115,9150,6349
77066	5448,1752,1087,49957,20624
11535	4806,607,4750,1951,1973
60690	589,11115,4391,13506,1261
85268	6302,4638,6299,10742,11480
27926	4264,1087,4114,5448,7535
93463	9150,5617,10117,6349,6359
96132	4264,10043,13506,5448,3520
85279	2720,1087,6349,10742,6359
52515	1087,10742,1293,607,3597
36132	5191,1752,3603,6123,22913
44334	1752,212,10633,263,2921
11568	1752,1922,13506,17928,4535
60725	11115,5448,3446,12447,23966
68918	7535,4114,10043,8019,358
60735	5448,1752,1087,49957,20624
3396	5191,5448,6808,6349,7894
77133	10742,1631,1087,20624,2178
1933	5448,1087,4264,16944,7535
44368	5982,26595,1939,13781,9145
11604	7974,6123,10117,1922,10000
52565	6121,4806,19450,22432,5720
101721	1746,607,7535,2241,12781
27994	5448,1087,49957,1752,20624
21050	7974,6123,10117,2720,4041
44382	1752,21051,10742,1922,3619
19812	22913,1553,1493,2656,4114
36200	5982,571,10743,6121,1922
11636	3446,35,589,5448,59
77180	2178,2720,1752,10743,14121
3454	14411,6349,14346,14540,8096
36075	1752,3446,3513,11115,1293
52621	14244,2178,5177,1303,7350
28049	59,2720,1712,7974,8019
93594	13229,9150,12436,6359,2358
101787	17928,22913,2241,6121,11057
28061	1922,9145,13506,9320,5191
85410	2720,5448,1303,2618,2178
44451	11115,7535,17928,4041,1293
60840	589,741,1746,6290,6852
11690	35,4657,3576,59,6808
44460	11115,4114,7535,3858,2339
11699	3252,25175,20441,25304,5448
3513	8241,10043,8180,5177,8165
101819	22913,17928,11057,1752,1922
12874	5929,17366,6751,5560,1494
77247	1303,2288,1752,607,4806
11713	25366,25253,6123,25269,25387
77046	5448,1087,2720,1752,3603
69062	11115,363,1087,2618,589
11721	35,5329,4631,5982,4041
104354	709,5720,17597,19450,8089
11729	3446,3513,35,15008,1303
28115	8019,4114,45466,22913,45484
36332	12781,7974,4041,8981,1746
52717	1087,5448,1752,2720,49957
3568	1712,5191,8223,41798,21088
11765	8223,8019,4724,5329,5328
77302	5874,22432,4264,10071,11936
28153	1752,2720,5448,1087,13360
85506	5191,1303,2178,17597,3446
11779	20335,8241,10633,2395,1494
93708	1303,12436,2339,14822,6121
22445	5448,1087,20624,49957,1752
11797	2656,1406,1922,4114,2395
44568	5191,6349,6808,4385,16674
10654	11057,22913,4806,17928,1516
28206	2497,7535,3857,10701,10117
69167	2720,4041,24750,6707,3112
85556	5191,3446,4385,5929,22932
11829	11115,4114,5448,4899,4553
101946	1752,1303,3446,1922,25000
28219	5448,1087,49957,20624,1752
3646	17928,8445,1752,6849,8470
11844	2720,4180,25968,3513,25992
11853	2720,35,25932,25935,4529
85592	8981,589,3446,6808,4042
49764	2241,2908,21051,2305,22913
44303	1087,3252,6349,2395,589
52828	3112,5546,28843,6230,212
93793	4041,3520,1922,10117,5448
77413	566,6852,2395,14373,14411
61034	8981,5448,11115,7535,1752
11896	303,7350,3513,8089,8981
102014	1752,3446,10117,1303,1922
69249	2720,1087,24750,6501,25100
52867	607,4391,12436,2618,6707
20104	5448,1752,1087,49957,20624
52876	5448,1752,1087,49957,20624
36493	10742,1087,5448,2395,589
3728	17597,3576,709,10000,8403
11932	5448,2720,1087,49957,20624
3743	17597,235,28843,156,9150
44712	4114,8019,841,2178,7535
93867	4041,6123,10457,8981,7535
28336	3112,4806,1293,6707,1712
61108	5448,49957,1752,2720,20624
11962	11115,1752,24129,363,2655
36549	1293,3446,11903,5191,6808
64801	5874,2178,22432,6715,3619
3789	235,4264,4974,2178,17919
93902	7535,5329,4041,12781,10043
47053	5448,5191,23966,8089,7216
28371	5448,1752,1087,49957,20624
20181	5328,2335,4657,1087,2339
44758	10742,1087,20624,3112,5546
77527	17928,4493,3858,4806,564
11996	17928,8981,10736,3468,4806
93917	7535,2720,4041,5448,4114
12003	10701,5448,12083,11584,3827
102120	3858,9150,17928,564,14822
3817	3827,10701,1746,17919,3870
69355	3112,5546,3576,24459,1087
102129	2720,3446,2178,12539,6121
36597	6349,10742,1087,5546,4114
20214	5191,156,7216,1712,10043
12025	2720,2178,7350,8765,5874
77563	5448,2618,11115,5191,7216
3836	607,3859,566,8921,14411
12034	7535,12539,14346,12436,6290
36616	8019,28811,7535,12464,12473
61193	14121,10742,35,59,45
53002	5448,1752,49957,20624,1087
20235	2720,5448,1087,1752,49957
53016	5448,1752,1087,49957,20624
69405	1087,5448,49957,1752,20624
53033	291,7346,7487,7350,19823
12074	2720,11419,6299,10742,2903
28459	11903,1922,17597,13229,334
20269	12464,4806,1922,1516,11177
77620	8241,841,8294,212,3293
85813	4750,3858,3603,11246,12437
36667	5448,14411,6808,1087,589
94012	4724,358,2994,2720,8019
12098	1752,363,6123,3857,3520
44871	3446,23966,2265,618,1303
3914	14411,1746,10742,566,6997
94028	2720,4114,11115,13360,2178
69459	2720,5448,4657,59,4041
61268	2288,17928,4806,4041,1293
12125	6087,156,6123,3857,6707
94054	11115,6051,4631,6121,5929
77671	5448,1752,1087,49957,20624
102248	2720,6299,11419,11334,5329
28526	35,4041,5448,4899,2720
56637	5448,1087,1752,49957,2720
53104	1922,11057,3446,5191,4114
44917	5448,1087,1752,49957,20624
28539	6707,12436,2656,607,10743
61308	1087,14121,5448,6707,49957
53118	5448,4114,806,3112,6230
36735	4638,2395,5328,21051,1976
28550	2178,2241,35,2994,5191
94089	9870,5191,2720,5929,28463
36746	3446,6707,3603,2622,2656
28564	1922,6121,11057,2339,2265
68932	2241,6230,3112,28878,4806
53147	5448,5191,49957,20624,1087
53161	589,17928,16944,27790,12781
12205	589,1752,23548,3619,363
69550	7535,14411,1293,1752,17928
44978	5448,1087,2178,49957,2720
85943	156,2339,3603,4264,1087
91516	2178,6707,5448,3446,2656
20410	5448,1752,1087,49957,20624
44987	5448,1087,49957,1752,2720
4031	2720,5720,24750,11936,742
53194	1746,10742,4529,5329,5982
96154	4806,1947,156,2178,11525
28623	1087,5448,10742,49957,2178
61392	4114,8241,3252,12436,10742
102362	8019,7535,21051,10043,1763
36829	6230,2178,806,12437,11584
69602	589,29673,8223,5328,3217
53225	7216,3319,6123,4114,25366
102379	8019,6290,10043,4114,7535
36844	10742,2720,3252,8003,12436
20462	2618,7350,1947,10701,2592
23595	14411,1087,5546,7535,3989
53234	5448,1752,49957,1087,20624
60756	2395,5546,6707,3446,10742
61434	1752,8981,7535,571,608
86012	6715,4264,156,11334,2288
28674	2618,1746,3859,6536,571
94211	5448,2720,1087,20624,5191
36873	28843,20676,20624,3619,20667
12299	2497,3446,4778,4685,2241
4109	608,9452,14411,9397,9421
32088	5448,589,1922,4041,1406
102420	6290,8019,12436,4114,5004
45095	22913,2178,1922,48731,10000
102444	2281,7471,2265,635,1087
3421	3446,6808,4041,2618,2656
20533	5448,1087,20624,1752,49957
4154	14411,8241,1922,9452,21055
53312	7216,4114,5448,1712,7974
12353	19450,5720,3918,8089,12011
86086	1752,1303,8703,6053,11248
45129	4041,5448,11115,23464,23580
94282	2720,24750,6751,21051,25100
12366	2178,8765,59,4264,17949
14349	6751,17597,2241,2207,3619
61522	2656,156,6707,2618,3603
69717	8981,3918,8089,6852,212
4188	7350,1752,1303,589,11115
69725	3446,22913,5191,4385,1922
45151	8089,10000,17597,7369,1752
53346	5191,8867,6808,1293,3597
36971	22913,11057,1752,1922,2339
69755	11115,8019,7974,3513,12447
86141	2281,607,608,2366,6151
12417	22432,4264,2178,5874,9657
28803	6808,1293,8241,358,3520
61572	39473,59,6230,8936,5448
20614	6290,358,10043,806,6349
45196	1087,5448,2720,49957,20624
4237	11115,7350,303,2618,9727
69777	49957,1087,10742,35,5448
61588	5448,1752,1087,49957,20624
45212	4460,156,212,10043,19747
102562	589,20624,1752,1087,4657
69797	4837,25366,35,3576,4806
61607	841,4114,2720,806,5874
28843	8241,1293,5448,14411,358
45232	7535,1752,14411,8981,4041
78003	2720,2178,35,14121,1087
85364	2720,1746,2178,10446,2265
38943	5448,8765,12539,6290,7535
12476	4264,16944,156,589,358
102589	1752,1087,49957,20624,4657
61637	8019,11115,7535,4947,3858
28870	5448,1752,2720,1087,49957
86217	4806,12512,12539,3561,6715
69836	2720,6290,6349,8003,8019
53464	5191,3446,8936,8241,22913
12506	589,2994,28463,1631,4264
45276	1712,156,28843,8089,8241
4324	11115,9657,29811,9659,1712
20719	8019,11246,2339,1516,12436
12529	6707,21900,3112,1087,2603
45299	4638,11115,17382,5929,4387
44414	5448,1087,1752,2720,2178
37115	2720,5448,35,10742,2178
86268	3446,2720,1087,6808,9150
69892	5448,1087,49957,1752,20624
102661	589,4806,4750,607,1951
4363	2288,1746,1712,156,12781
61713	841,3112,45,5448,25100
94482	5546,10290,9938,19747,11371
78108	41554,1922,5982,1752,1483
10289	10258,4264,2908,4816,2288
12587	607,807,6849,3050,363
86320	5191,5929,11115,6349,9150
45368	1087,5448,4264,25349,212
69950	5191,1752,5448,2656,1303
37186	1631,4638,10117,589,5512
84023	3513,3446,3597,4638,17595
12623	1752,27662,640,667,27678
37213	1922,589,564,6808,5546
82662	3112,5929,1087,6299,3619
49896	3619,11057,2656,18443,21051
45428	4114,4553,3513,8241,3112
70006	2178,10261,4276,1303,4816
53624	1752,3446,11057,22913,2656
78201	4657,1712,607,21051,5328
37243	2720,5448,1087,4657,51577
61823	5448,1752,1087,49957,20624
78214	2252,2335,2207,1922,2288
4488	1746,10742,1922,21051,28843
12690	10742,1087,2720,3112,11441
20889	1763,1712,378,618,2281
78238	10261,2288,10043,2281,11100
70048	2720,11115,24750,28843,5486
12708	1746,11903,22913,6454,5191
102824	7974,3446,6123,589,2720
78257	1483,11057,2339,3112,4114
29427	4750,1110,10043,4041,1631
61876	3446,2395,10742,2656,4638
106536	1752,5448,20624,49957,1087
45497	5448,3112,1087,2720,589
86468	3446,566,7894,4041,4837
4549	59,28843,5952,2921,9938
70094	3446,6808,2618,7894,1293
12751	13312,5874,12436,16148,13229
102867	35,25100,4657,17919,59
45524	6349,6359,5546,2358,20838
20949	4114,11115,12436,2178,6808
61910	5448,2178,2720,20624,5329
53725	1922,1406,6349,4114,4391
78303	1752,5448,1087,20624,49957
29167	10742,3252,20451,6349,1631
61937	8019,1712,30202,8089,19987
102909	12436,8294,6349,25366,5874
12804	1746,807,7974,14121,9145
45573	1303,2335,9320,303,13506
102929	4041,4631,6123,5982,633
22617	24750,59,14244,2622,5512
12829	4638,10742,21902,1631,2656
12837	2178,4638,1631,20624,24750
70182	5448,1087,2720,49957,4114
61992	1087,7535,2720,5874,607
53806	6707,7216,8241,6688,8315
12847	7278,7269,4264,358,10261
94771	1087,2178,49957,1752,5874
78389	4385,807,571,1922,1939
70202	589,11670,28463,3252,21902
30815	1939,1087,5328,1631,607
102977	3446,3513,35,3520,2618
78404	8019,11115,8981,12781,22913
4681	7535,14822,1303,12539,59
70218	7974,1922,5448,2178,1752
21073	2178,5448,49957,20624,2720
45650	7216,2720,358,5448,1712
53844	1494,1553,10633,1110,1752
12885	10742,20451,3252,2908,42
29455	1293,156,4114,9184,17597
103005	8223,8019,4724,5329,358
37475	5328,358,1712,2358,10742
4717	1752,2288,1303,2618,564
53870	11115,12447,8981,4114,7974
70255	10043,6290,14411,806,4806
62070	17597,28843,2241,48731,235
12925	10742,4114,3112,5982,11493
4742	6808,4657,363,3446,11403
21127	5191,22913,7535,3446,23966
86672	8241,6290,10043,14411,14540
94871	4264,5448,8241,156,358
4762	3446,7728,5448,5191,589
21148	5448,1087,2720,49957,20624
70307	22913,10743,2241,20335,3597
37550	571,1746,5177,589,10457
94895	5448,7216,5328,1712,8241
12976	3112,10742,28843,212,11263
45748	12436,1087,3112,37354,8241
4795	10742,2720,3446,613,649
53949	2178,1570,10701,18409,6715
37567	5191,5929,12447,6808,303
12994	28843,3112,156,4264,212
62149	10742,5546,6349,1631,2720
78535	28843,5982,3112,1483,4114
13001	156,12436,25366,28783,3112
86730	8241,8223,20335,5177,8095
78549	20478,23464,4041,1293,6707
4828	1752,1087,589,5448,363
29415	17366,28399,8089,1752,5081
62195	5448,5191,4391,25488,11115
94964	1712,7216,5328,4041,1752
54005	2178,5929,4264,10439,17820
48597	5448,1752,1087,49957,20624
78592	3603,4041,1712,6123,4657
54022	5448,1752,1087,49957,20624
78607	4114,13781,3112,11115,4391
103185	8241,20335,10633,3112,30644
62254	1110,2178,5982,4750,9100
95023	5328,3603,12436,13360,8315
13084	59,10742,1631,29077,7216
103201	2395,8241,2656,1494,20335
29480	2720,1752,4114,4041,1087
13102	35,42,10261,10742,10030
4911	589,363,3468,10117,21598
25395	1110,4629,4806,3112,2720
103225	2656,4114,12447,1922,5448
21307	9320,2720,9452,12539,1369
29509	20624,49957,1752,2178,1087
62278	8019,6349,6290,7535,5448
45897	806,6349,2358,5407,741
78674	6349,841,7535,16674,5448
95033	1087,358,7278,6714,7262
103256	5448,1752,4114,1087,20624
95066	1087,2720,20838,11441,11419
86875	8180,5191,5328,358,41798
49978	7535,1674,1763,12001,4806
21343	3520,1752,5177,2603,1303
70497	607,589,1087,10457,5982
99132	5191,709,3859,807,29693
78703	5448,2720,2178,1087,6707
4977	589,607,1746,4041,19679
29555	11115,4041,5486,12447,7216
45945	1712,5191,59,2720,7216
48618	2720,3446,1087,5448,4657
78721	10000,1922,9870,1746,5512
13191	1752,10043,1950,4493,1712
54153	6121,709,5874,19450,3858
62346	22913,45466,2265,1483,1406
95115	7535,3513,2720,1763,16690
86928	5191,10743,1712,6707,7216
62356	8981,5720,7974,7350,6121
45974	11115,6121,17491,17425,9726
37786	6230,2720,7216,358,25100
54173	5448,1087,1752,2720,2178
13214	8019,1752,15297,10633,11248
15800	5191,17597,12083,17928,1712
5024	607,1746,1947,4806,2288
78755	1087,10742,4899,1922,10455
13222	4044,3513,25488,4837,14045
84124	6290,4114,8648,8019,806
13229	13229,4750,6359,607,349
95152	11582,358,7350,7535,10043
5046	1922,2288,20335,1712,22913
13129	2178,14121,2618,35,10261
29627	5448,1752,1087,49957,20624
62398	2178,2720,1087,35,49957
54208	3858,8698,8765,10742,3468
13251	589,16944,8241,5546,13506
103371	2720,24265,22432,4180,8936
5075	1752,1922,1712,22913,2288
70613	3112,12436,8019,1420,5004
29658	5191,1303,6808,2178,20335
37851	4114,2178,2720,49957,1922
46052	1087,5448,1922,20624,10742
103398	2720,5448,35,20624,3112
15991	21051,19304,349,1303,589
95213	4264,1087,212,156,16956
54255	8241,11936,17258,1922,9396
37874	5448,20624,49957,2178,1087
5108	1752,17928,17597,564,334
70647	5448,1752,1087,49957,20624
62461	5448,2720,4529,4657,59
21503	4114,1752,2339,4041,1110
95237	5845,4264,212,1087,17017
78854	1752,156,8089,358,212
13320	1293,182,9184,5387,5328
29712	2720,6230,3112,182,10071
54307	8019,5328,10743,358,742
13356	20667,28843,6299,28463,1631
95278	571,17016,1752,7535,4264
13366	5512,12781,6253,1570,24750
54333	1712,29811,9184,9462,3217
37950	257,2994,6715,21088,14121
5186	1752,1303,18227,5177,4750
103491	235,303,3513,8981,7350
62543	5448,1087,1752,2178,49957
59577	1087,5448,49957,2720,20624
52751	2720,35,4631,2921,5982
103522	11115,1752,2655,2339,363
21619	2720,2178,5874,4114,3112
13161	13018,5328,4724,29223,25488
13434	5512,20624,28463,1631,22913
70781	24750,4638,59,24459,1293
62591	5448,1087,1752,49957,20624
21634	5448,20624,1087,49957,2720
5251	11248,2339,1752,3189,11249
46220	11115,3858,8981,12083,29811
5266	10290,13229,1631,2178,9938
87192	17928,6849,8483,8524,8518
54425	5448,1087,2720,1752,7535
13469	3112,1712,39473,30238,20624
54441	5448,7535,4114,11115,7216
70831	3112,7535,14915,3513,4846
21682	5448,4114,2720,1087,1752
70838	2178,5448,1087,20624,4657
54461	4657,11419,607,2720,2281
29888	1752,10742,6299,1087,235
46279	1087,5448,1752,2720,49957
54473	1752,5448,2720,1087,49957
5323	1087,6349,10742,5546,4638
79054	6230,10742,1087,25175,212
103644	8765,10736,363,10701,11584
29921	1752,156,2241,20451,212
21733	1087,5546,17366,16944,212
54505	235,4114,28843,20667,4724
75986	5448,1752,1087,20624,2720
70894	1631,10742,24750,14312,59
46319	10742,16674,6382,4638,10000
62713	571,12781,5720,1746,731
29949	5448,1752,1087,49957,20624
95487	5720,11936,16944,5874,6121
87302	17597,8470,235,28843,8469
79113	4638,5546,10742,1087,1922
21779	156,1939,10742,1087,8736
5424	6121,2178,6123,3603,7216
54582	2720,24750,59,49957,2178
79164	1526,4724,2178,14651,6290
13629	30190,3112,4041,156,607
56885	3446,5448,7894,6808,4638
2636	3619,1752,2720,6006,3620
30018	1712,5191,235,20335,8180
103307	11115,4114,5448,2720,6013
46409	1631,2358,10261,3252,10117
13642	22913,1553,22947,48731,14915
54604	5448,1752,1087,49957,20624
70991	4750,7350,1752,20451,5982
30040	4750,4657,3603,607,6121
25488	7216,14346,25269,39473,806
95587	5546,1087,16944,5874,2358
79205	1110,21051,1973,2994,5328
21862	2720,5448,5191,13360,358
62825	10043,5448,7535,10117,21055
13676	22913,7535,23965,14244,8019
30064	10742,1087,2395,6349,3252
95606	5328,2395,8241,5546,5448
13691	23966,7728,5191,1752,3446
38271	20667,10742,20624,8019,5617
103809	2178,2720,7350,26375,5874
79237	10742,5845,2720,11936,10071
13713	3446,7728,1752,3112,5448
30103	589,2497,20624,1973,10736
13724	3112,8241,1293,4114,7535
87453	235,17597,28843,10742,156
54691	1752,1303,3603,363,156
30118	5448,1087,1752,2720,2178
79280	1087,2720,4114,5448,3112
95671	4638,5081,10261,20624,2395
103866	7535,12436,12539,14346,5448
40523	10742,1087,589,2265,2720
95685	5448,20624,589,17366,5191
81484	5329,608,2761,2815,1976
87499	235,2178,4264,212,4974
103884	2720,1752,5329,607,10742
5584	5328,4264,8765,5448,12436
46549	156,2178,6715,17597,14121
13783	8241,5448,5328,3112,4114
95705	5191,11115,12447,13506,17341
62938	1087,1752,4114,3112,1293
13791	5448,4041,2720,38082,32723
5606	4264,8765,2178,156,358
26876	2994,4626,1420,2241,2761
21994	1752,5448,1087,5191,49957
13804	1752,589,1087,1746,10742
106572	8019,1752,10633,15297,11248
54772	5191,2178,4391,12436,9145
22005	5448,1087,49957,1752,2720
30201	5448,1752,1087,49957,20624
79357	5328,2335,3252,11115,13043
30221	2622,156,303,1712,2497
38415	358,14411,10742,13590,5191
5648	1303,4264,5191,6290,8089
13843	4391,3112,4114,1406,14925
62997	8241,358,20261,156,1293
79397	1303,303,3603,3520,6123
22054	4385,6707,4750,13506,10743
86388	566,5191,6808,5448,6349
75204	1712,10261,358,8089,8981
71214	4114,8089,6123,156,7974
30261	4553,2720,5982,10742,2921
54847	1293,3989,23548,23433,14411
104003	6087,7471,156,26720,8765
63050	5929,2178,5191,11115,3112
22091	10736,8981,20624,2497,1714
46674	5448,20624,6707,1087,5191
13913	2720,5448,9150,6349,2622
13924	5448,1752,1087,2720,49957
58300	1752,5448,1087,49957,2178
13936	8241,12436,5328,2395,17366
46715	4114,235,2241,8089,156
38525	607,12437,3468,6714,363
79486	5177,22913,1922,1303,11248
104064	2994,2497,1752,2241,363
95874	5448,1752,49957,20624,1087
54916	6808,4837,3446,2618,4342
38536	5448,1087,1752,2720,2178
87693	14411,5191,633,566,8971
71312	2720,5448,20624,6349,25100
22163	5191,1712,1293,17928,6808
13973	1922,5191,38532,1746,2618
79511	7535,26595,1753,2618,13781
71322	5448,2720,1087,49957,1752
13994	7216,156,6707,1712,6123
46766	806,841,7814,35539,27278
95919	2288,59,4837,6123,6121
38579	2241,1746,21051,28843,635
54968	5191,358,281,235,291
5817	8089,11936,14411,44866,22913
18720	8089,8241,17597,156,5191
95944	7535,6123,4041,5720,1763
71371	7974,1922,8089,2241,589
104140	1087,5448,1752,20624,49957
46798	6359,19304,4638,2299,2720
66509	6230,24750,7487,5455,22432
87760	1746,14411,10742,633,8936
22225	17597,3858,8981,1293,6715
14048	5448,6230,3112,20451,4460
22245	5448,20624,1087,156,5191
63207	1752,1087,5448,1712,49957
79593	589,4264,17425,17820,5560
30443	5191,156,1752,1712,358
14067	156,4806,3112,1516,3474
55034	5448,1752,3603,3446,1087
14077	212,11419,10742,11334,11650
63236	2656,11115,2622,3446,7974
38668	5448,1087,1752,2720,49957
63248	2358,2293,1631,3252,12436
87841	2618,2178,9145,14121,1631
104231	2497,3112,4685,4778,20023
46888	12436,1922,13506,4342,13229
30511	1752,1087,5448,49957,2720
5937	1752,4114,1303,3446,8241
63285	45466,41554,28843,45484,22913
14138	1752,5448,1087,4114,49957
5947	1752,4114,1303,3446,5448
38719	6230,7438,4416,2241,6204
79684	10742,28843,6299,11263,6302
71493	25488,6808,17820,12447,4114
5959	5191,5448,6707,2178,1087
104274	1752,1087,5448,20624,49957
30548	589,10117,6230,10734,24750
26937	5448,1752,1087,49957,20624
87897	2618,2178,14121,9100,6707
79706	8241,4114,13506,10633,1752
24208	28843,212,20624,8089,2241
104291	8089,7535,2720,6290,1712
100668	7535,3112,20478,1406,20451
55147	5448,12447,44866,8241,8019
30574	2178,5191,6349,7216,5448
38767	5448,1752,1087,49957,20624
87923	2720,5720,24750,11936,10117
46970	4041,607,4750,589,6707
104316	1752,1087,2720,49957,2178
14206	5191,6808,3603,5448,13360
79744	5448,1087,49957,1752,2720
6020	5191,6707,2178,3827,8765
38790	2241,21768,6382,6751,21826
14215	6715,4806,10736,1947,2622
13293	3859,3520,5720,3918,358
79770	5448,2720,1087,20624,49957
6047	5154,607,3858,633,6123
63394	12447,13506,4114,4391,12083
87974	608,9452,9372,14411,1768
43335	1087,6707,3446,635,607
79789	5448,1087,49957,1752,20624
71598	1752,3603,6714,3446,6707
6067	7216,5191,8315,25366,7894
32415	5448,589,5329,4041,1087
38853	5448,1087,2720,20624,2178
53668	589,1406,2241,8981,6204
6092	6715,2178,11584,2339,6714
30669	1752,11057,1712,8981,1087
104398	8765,2178,59,10701,3827
31053	5448,1087,1752,2720,2178
14288	1087,589,6299,571,5845
24227	14121,1087,2720,49957,10743
79828	5448,1752,1087,49957,20624
6111	2178,4750,806,7350,11584
63458	11258,1752,10439,2339,1570
38883	5448,1752,49957,2720,1087
6120	806,5929,6905,6349,7535
104426	5448,1087,49957,1752,20624
22507	1752,5448,1087,49957,2720
71664	8019,44866,4114,4724,8241
14323	4114,7535,156,1293,17928
30712	2178,1922,5936,1939,11057
96249	2178,35,4806,20624,11115
6141	1110,4493,1746,9759,4041
22526	11115,6349,4041,5448,7216
55301	5448,1087,1752,49957,20624
79882	5546,11903,6349,4638,349
6157	10000,4493,7974,1922,21051
22546	6715,2178,1303,303,11177
7843	4264,5874,2178,156,3520
63519	14411,8936,1293,806,39473
96288	13865,10736,5874,4806,10802
22563	5191,12436,6808,44866,17820
79911	5448,1752,1087,49957,20624
6186	1752,12071,11115,564,1303
88108	2265,608,9365,2720,28463
47150	7487,5546,6348,6230,24750
14386	2720,11936,38082,5448,1631
6195	2178,3603,5191,363,11115
71735	24750,59,7216,21051,2720
96313	1752,11161,17597,13865,4778
63556	1303,11903,3603,13229,6808
38984	20624,589,10742,6290,1752
79959	5448,1752,1087,6290,212
88153	14411,8241,9396,9452,1922
14426	6290,10043,13506,10117,9320
63581	12436,6290,156,303,2178
71775	8089,235,7974,1303,263
55395	1922,5982,1303,1752,13312
5802	8089,7535,1752,5448,11936
6263	6707,2178,5448,3446,2656
30848	1752,5177,2497,4518,10701
47238	12436,2178,25366,6707,5874
39053	5448,20624,2720,35,49957
71822	8981,22913,1752,8019,6852
63633	2288,607,2603,6808,14411
47252	1406,11246,5224,14373,41901
14486	1746,2178,7350,2618,608
71831	5448,1087,49957,1752,2720
22681	14244,1110,4750,7974,2720
104605	4264,22432,11115,5874,13781
22688	2720,1087,5329,10742,3112
14497	6808,6121,4114,11115,3446
80036	7216,3603,11582,6808,2618
39077	35,566,20624,6707,10743
23992	2720,7535,14411,24750,608
96426	10742,3516,156,1087,7278
88241	7350,1303,1752,7346,589
39091	5448,2720,6349,6230,8241
63680	6290,8019,10043,5177,1303
22728	6123,35,7350,10043,4750
63696	1922,7974,8089,6121,7350
80083	6349,8019,4391,10743,4724
22743	5448,7350,59,10261,10043
55512	6707,2656,2178,10743,20624
79967	5448,1752,1087,49957,2720
71907	1087,5448,49957,2720,1752
30962	1087,6707,11263,607,1406
14579	1752,11115,303,5929,10633
47354	10071,8241,2720,7535,38082
39164	1087,5546,6808,5448,589
104706	4264,589,16944,212,807
6403	16584,1922,2656,4638,10633
22791	5448,1087,49957,2178,1752
14601	1293,3468,8981,3446,17928
63762	10742,6751,1087,21051,1631
63774	1752,5448,10117,3520,564
14631	1752,564,3446,7947,14411
31020	1087,5448,1752,2720,49957
6452	12436,4391,17366,29673,5874
14653	2339,1922,4041,1110,7974
31039	5448,1752,2720,3446,4114
104768	589,1087,1752,1631,28463
96577	2178,12436,28811,7548,608
72005	5448,1752,1087,49957,20624
14666	1976,1942,1746,1752,10742
96588	5874,2720,10290,18443,12539
63821	589,1752,1746,607,2281
14677	1752,5328,7388,10043,5329
96606	5874,6707,2720,2178,20261
104800	607,21900,6707,3112,4264
47462	7535,22913,3112,4114,3446
6510	4391,12436,6808,17366,6707
21566	4114,49957,2178,2720,7535
104830	1752,607,807,7350,3858
39299	5448,1087,1752,49957,20624
22919	5177,9320,6290,6123,7350
59799	8019,6349,20624,5448,3446
80270	4114,11115,5448,6808,17820
14735	11115,12781,4493,2618,1976
63896	2720,6707,7216,3603,6121
6548	10043,13506,564,4806,1950
39319	5448,1303,13506,6123,4041
104856	1752,607,1746,6849,608
80282	59,20624,35,28843,1631
96666	1087,6707,358,2178,5874
72099	14411,10742,10000,1746,709
14759	10043,5177,2288,3252,21900
80298	10742,1631,14121,29097,20624
84382	358,806,5328,281,2358
6585	4750,11115,4391,10043,1303
63930	1752,2305,19304,3252,1303
39359	35,2720,5448,4657,4041
47559	1752,156,303,1712,10633
24770	35,42,59,16674,5329
80334	156,5448,358,8241,1087
39375	1712,358,2720,5329,235
1103	11057,21051,1752,2288,22913
55773	4114,17928,13506,4913,4391
85755	3603,8315,2281,3858,4041
80359	358,262,281,263,7216
23026	10043,1746,11115,4391,1922
72179	13865,8878,10742,5328,3620
39415	1752,1303,1922,5177,13229
6652	28463,5929,6382,17382,20667
96766	2178,59,2921,5329,35
6663	7974,11936,2720,6290,6083
104968	235,21159,1712,731,6849
102146	2720,2178,3446,4114,5448
47630	212,2178,1752,2497,3859
72207	2720,5448,49957,20624,10742
55826	1303,3446,12436,1922,2656
6677	4114,7535,1087,156,235
64027	6707,4657,3112,1712,5982
14876	13506,12436,2856,1922,564
80417	1752,8089,1712,358,10633
9307	5448,6290,1752,10043,4432
104999	235,28843,1712,27790,10742
64040	1087,2720,2178,5448,49957
14889	27790,5512,28843,8089,5929
47658	3112,9184,14411,4806,25366
50415	2618,10742,3520,11903,6808
6704	4806,3561,3576,156,17928
64050	7471,11584,7566,17597,7216
80443	8981,1752,1712,1293,27741
23100	9320,8981,11936,25000,4114
72255	2178,5929,2656,5874,1570
88649	9758,11115,9762,9759,9755
47696	5448,1087,49957,1752,20624
2952	17597,2178,5191,1494,1303
80474	8981,1746,1293,3468,27741
23135	4041,6123,11115,7535,8765
14944	12436,2358,7216,4724,8019
25702	12464,13229,6714,12473,2358
80488	1752,4041,589,5448,3446
96883	607,1922,17928,10381,2241
14966	7471,12781,1746,19450,7489
64120	12447,7974,22913,11115,4913
96703	14121,156,2178,6707,2497
14974	1712,12781,2618,303,8981
96895	1922,589,1746,3858,12781
88706	1746,2288,10742,2207,1922
105096	10742,1087,2720,3112,11441
6796	3513,11115,1293,4913,4114
14998	6121,17491,2618,17878,4264
65306	2720,1087,5329,4657,4114
23199	2178,7535,6123,2241,17597
47778	1110,3513,2720,25100,22432
15012	607,2497,4806,1494,156
55976	11115,2656,2178,1947,19249
39593	20624,1087,17341,25100,17382
80559	1746,3859,4041,3468,3858
96951	1922,589,20624,1746,607
55995	6714,11903,5512,1553,3446
47810	841,2720,5177,6290,1406
31429	1752,1712,8089,5720,156
15049	10742,16674,16673,2178,4553
57122	2178,5874,1087,5929,14121
6862	4114,4724,4816,2006,7974
72405	358,363,1712,5329,5328
80599	1087,1752,3446,607,1922
39642	5191,806,6290,22947,2178
15067	10742,25100,14411,14312,2720
96991	5512,28878,18996,28843,3858
88800	59,20451,20903,38082,14822
17531	5546,6230,806,3112,11485
6888	4114,5448,4750,6808,3446
64239	17597,11903,5191,1293,4837
6897	5448,4114,1303,4750,3603
15092	1712,2265,22913,1749,2281
91262	10000,6013,4493,38901,21051
102185	589,15008,2720,22432,1406
64250	7216,358,4264,156,10043
7978	1087,358,6714,363,4264
56067	8241,5448,8294,4553,3252
6919	1303,5448,4750,3603,7216
88842	2288,1752,1303,19249,564
15116	1922,2178,14121,35,28843
39694	5191,5929,6349,5930,4631
31503	28463,22913,1712,1922,8089
72465	4041,6123,7350,4044,6121
6934	6290,23966,12473,5191,7974
56089	12436,1922,9150,13506,2656
105242	14411,13590,11903,6454,1746
72481	10043,4041,8765,4806,3857
80683	607,633,1746,640,589
47923	10633,2994,1110,1494,18397
23351	4114,8241,3446,17820,11115
23367	12436,1303,5191,11115,2288
39755	2178,6808,11115,1087,5191
15180	5177,6290,571,47554,5448
47951	6121,9320,6123,5720,4806
6995	39473,14316,11246,14244,14915
88927	1752,1303,6808,2618,3603
80743	10742,6349,3112,11246,212
56171	589,1087,5874,3859,16944
31602	156,303,1303,3603,2178
50323	12436,9150,566,2656,5191
47996	1631,59,28843,841,30147
72574	5448,1752,1087,49957,20624
15232	1752,3446,4114,4657,1303
88964	6808,4657,1087,363,2618
80773	4114,6349,7535,3112,12436
16193	59,1631,4750,13506,14121
7050	39473,14373,7894,14411,6349
64395	1752,589,4041,11115,1303
99481	5448,1752,49957,1087,2720
7066	6349,5448,6359,4638,6230
15260	8019,8241,235,4724,4114
105373	12436,5874,13312,16148,13229
39840	1752,1712,11246,2241,8089
15784	2178,4264,5874,14121,212
7081	806,14312,4342,20667,4638
64432	156,3603,3597,5191,2288
48054	6382,10000,3619,20624,2994
72631	5448,2720,1087,35,1752
102218	24265,1922,17341,2497,15008
23486	14411,566,14925,3858,9452
84469	589,1570,1631,20624,1746
97216	5512,7728,11258,1570,8981
7105	1631,4750,4114,54996,1110
15298	1293,11115,6808,3446,2583
80837	4114,7535,5448,2720,6349
72646	156,5448,5191,6290,8089
15307	16944,1087,589,3446,6808
105425	1746,807,7974,5177,14121
7122	1752,11903,2339,4114,1303
64467	5191,12447,2656,22913,3446
15318	10742,2395,5328,1942,5546
39895	11115,8981,2241,6204,26241
64476	1303,13360,5191,11115,5448
23523	1303,14411,5874,12436,8878
64486	3446,3520,1922,5448,156
103593	17928,10736,8981,156,3468
89083	3446,5448,7728,4041,589
105468	10742,1922,2720,4638,589
31749	9320,25488,2178,12539,1303
7175	8089,6852,589,22913,7856
72718	1752,349,2497,22519,2720
80924	2720,7974,2618,5448,23966
39968	12083,156,11115,8981,4838
72740	2178,20624,1087,5448,2720
64555	5486,358,6707,8315,2178
7212	2720,7974,14876,4114,4724
15408	3858,8981,4041,3513,4806
56373	7535,6123,5448,4041,7216
51722	589,4114,4750,4041,9320
80959	2720,7535,20838,358,1271
40001	1752,49957,1087,5191,2178
64579	5448,1752,1087,49957,20624
13062	13506,28878,4391,25366,12436
89182	5448,1087,2720,3446,2178
80991	7535,1087,5720,358,3989
23650	1746,10742,9870,5328,628
56419	5191,8241,358,3112,12436
7268	2720,589,1110,10117,4724
15464	363,1087,5328,23433,11115
97386	1752,1303,5448,12071,4432
3943	1746,10742,807,607,1631
105581	4638,10742,21902,2656,4629
89201	7535,10742,2720,571,1087
98444	2720,2178,20903,12539,20838
7290	1303,12436,4397,11248,14822
97403	1752,1303,4114,19304,4432
40070	8936,1406,20478,841,11237
23687	14121,5448,10742,35,3520
89224	1752,363,589,1950,10678
64649	1631,12447,11115,1570,4276
9411	1087,1752,156,1293,1712
7328	3520,4041,18532,1922,14822
105638	6715,2178,10261,7262,7267
23723	6382,6299,4838,16674,1293
64687	5448,4114,2720,49957,1922
97458	22913,8089,1712,5191,6121
105661	17366,5560,17382,6751,1494
3957	2178,14121,1631,6707,4041
64705	5982,21902,1922,4657,1942
15554	5546,10742,4638,3620,3619
31942	12464,9995,6349,4974,5191
48330	1406,589,4385,11918,1922
15565	35,4657,11334,2720,28843
81102	12539,5448,1406,4806,1416
89295	589,1752,10117,1950,4041
40146	5448,2720,2639,4553,4529
55843	607,10457,3319,7535,1483
97497	1922,19450,6121,22913,8089
72924	38532,1922,4041,2856,2335
15583	2720,59,24750,7216,24459
64738	1752,1303,2339,1922,12473
12155	2497,2720,6087,1712,2241
7396	7535,4041,5329,6123,1763
48357	5448,1087,2720,2178,20624
56555	6707,5448,2178,10743,5191
31272	1087,3446,2178,14121,10742
105714	10742,20451,3252,5177,10071
31994	235,8019,806,1712,48731
15624	6707,1087,16944,589,3603
48396	1087,156,2497,363,3468
51757	4806,14346,17597,10000,2241
32016	5448,1752,1087,49957,2720
81173	1303,4750,1341,12539,1345
105751	5448,4114,1087,3112,10742
40836	1087,8981,3446,613,23966
105759	5448,1087,4114,1752,7535
32033	7487,5191,1746,9397,5437
7461	2994,2720,1746,358,4724
83447	1293,7535,3513,8981,4899
23849	25488,12464,6359,4391,13018
81195	1553,11057,1554,2656,2533
48429	13312,1303,9320,10117,4044
97582	10043,15297,4041,1763,10117
89391	607,1746,589,10701,9145
64826	6299,235,2178,5874,11115
32059	2178,212,6290,14121,395
105789	10742,3112,11493,25311,5982
97600	5448,11115,6290,2720,1303
89412	607,1922,1752,4657,49957
48457	5448,1752,1087,49957,20624
7506	4553,4114,4631,6121,6051
48472	5720,7350,571,1746,6121
64859	5448,20624,11115,2178,5191
91905	1752,10043,5448,1922,4041
15526	3112,12436,5546,4264,6230
64867	5448,2720,1631,11936,24750
48485	1087,5448,3112,4114,2720
105832	1087,1752,49957,5448,20624
56684	1087,7535,5874,2178,5448
89454	1922,607,2288,10948,10955
15728	7350,4838,11584,3827,19827
25074	1752,1087,1922,49957,156
40306	7894,4638,10261,20624,2656
96816	5191,3112,3603,4041,25366
97661	5448,6290,10736,5453,10043
107755	3112,4114,8241,5448,10742
40324	7974,618,8981,2618,38532
82359	2656,3446,1303,3520,2655
7558	5929,5191,2720,28463,15875
48520	1712,3112,4806,14915,607
23948	1087,5448,2720,1752,20624
15766	841,806,1494,3112,1406
97691	7535,4838,363,5329,4432
15773	2720,1087,4750,4041,25100
56742	35,2720,2178,14121,1110
73128	10742,11936,2720,16673,709
32180	6715,11334,4657,24750,6359
73144	5448,1752,49957,1087,20624
97723	5448,1752,2720,1087,5191
15807	589,8315,5328,8294,3858
81344	607,1494,16561,10439,1493
40387	5448,2720,5329,20624,1087
24009	4114,11115,13506,564,17366
48586	5191,21051,20624,30225,17928
89549	1922,1712,2288,1752,20335
32213	5448,1752,1087,49957,20624
89560	1752,1087,49957,5448,20624
73360	6230,59,6349,14346,14244
56796	2720,6230,23966,5448,7535
97770	1752,5191,1293,3112,12464
88658	1712,12781,13590,9688,1692
81392	7471,1749,9184,4806,2288
46901	49957,2720,1752,5448,4114
15863	7216,6707,59,8315,38082
97786	4044,10446,1087,11485,4750
34047	2720,6290,358,8019,11936
105986	3112,28843,212,11334,3619
81416	7535,5177,608,12001,14411
73226	17928,1303,1712,11115,8019
65038	5448,1087,14121,2720,49957
89615	8981,1752,17928,3858,17597
7706	2720,9870,24750,6808,5448
24096	10742,4264,20441,3112,841
15905	12447,2656,2339,11115,4899
73253	571,5720,19450,10000,2720
28594	2921,1922,4553,10000,5982
100957	11057,22913,1293,1516,4806
97841	2720,1110,4750,4631,10743
65077	2178,12436,5874,14121,841
48697	5448,1087,1752,49957,20624
7740	2720,9150,24750,25100,6751
97867	20478,3112,14411,2603,8936
106060	156,28878,28764,3112,6715
77754	5191,6808,2618,23433,11115
96551	1110,6707,2497,2656,5329
7779	4264,5546,16019,9938,1087
73317	4041,8019,5328,2720,1110
81511	566,607,2656,2618,3858
16626	5448,6349,1303,4042,11936
89712	1752,1303,18227,11246,8089
40562	589,1922,10802,10678,13506
24510	5448,1087,1752,49957,20624
32375	5448,1752,1087,49957,20624
106104	13506,4391,14915,25366,4553
32387	1752,1087,5448,49957,4114
65160	49957,1752,20624,1712,5448
16016	5177,8180,35,2288,10030
40599	5448,3858,4041,7535,156
97951	1712,5191,8241,5448,6707
106147	59,10742,7216,12781,7974
56997	4114,4391,13506,5982,28399
65191	5448,1087,2178,2720,49957
83228	5448,1752,1087,49957,2720
48810	7535,4114,6123,17928,3298
40625	1752,19304,1712,3217,7487
24242	20624,5448,1087,35,49957
32438	7728,7216,12447,8981,156
97975	5448,1087,1752,2720,49957
7865	5448,8241,4264,182,262
81597	2618,3520,807,6808,2656
65215	2720,3112,5982,4114,4553
80502	1752,5448,1087,4041,3446
57030	1752,1303,4114,2339,5982
40647	5448,1752,1087,49957,20624
24266	5448,1752,1087,2720,49957
16080	26241,589,1922,17425,236
106201	10742,59,1631,6349,7216
16090	6707,589,16944,3859,156
98013	5448,5328,2720,8241,7471
57059	5448,1087,49957,2178,20624
40683	4837,11115,3513,4806,3446
89838	1752,2339,3189,9995,212
7924	7216,5328,1752,4041,4657
98048	7535,10071,10742,3112,5448
73473	3112,5546,25100,21051,3319
32518	7894,2656,1303,11115,12464
7948	5328,12436,4041,3603,13360
89869	10290,13229,1631,1570,10261
16153	5448,589,20624,1922,49957
24346	1752,2994,212,2497,589
32542	12436,2178,608,7489,1823
106272	59,10742,1631,7216,6349
16162	5448,1087,1752,49957,20624
78341	1752,1746,5177,6290,10043
81706	14121,4655,4631,4750,2656
73515	8089,1752,22913,8981,7974
3539	5191,5328,263,20335,1752
98097	3112,2395,14411,21056,20624
16181	1631,2720,41798,21178,3217
57151	1087,1752,589,10742,2720
89921	1087,6349,5546,10742,4044
73539	5448,2720,49957,20624,1087
88716	5952,28843,59,6751,10742
16205	7974,1752,4553,4944,11057
98127	20624,1293,1922,49957,1087
8016	1087,20838,16684,11441,14840
24404	7535,14411,5448,4114,14822
32598	4899,3513,3446,22913,1922
73561	5448,1087,1752,2720,2178
104743	589,1087,1631,2994,28463
8039	2720,3513,7535,16615,6359
32617	4041,4657,2720,4899,5448
73580	7350,5177,1303,10117,10043
98179	13590,1293,20602,28784,4467
8068	7535,7350,1763,7974,2720
89990	6121,2178,7350,6123,4264
49031	1752,6714,5929,2281,607
106378	59,2178,14121,35,10261
65423	156,303,363,7216,3603
73623	2178,4416,7489,11115,24750
32666	1752,5448,1087,4114,49957
98206	1293,20690,3112,20676,20704
8095	358,4264,6715,3561,7268
49058	5448,1752,1087,49957,20624
48552	5448,8241,2720,5191,1752
65446	17928,3446,17597,1293,2241
40878	8019,2305,22913,5191,1752
73653	1752,156,3603,5191,1303
66011	22913,6536,8736,11057,11260
57284	7535,1087,1752,1293,14411
38220	1746,10381,1752,1922,8019
32715	5448,1752,1087,49957,20624
49104	2720,4657,1922,21051,1406
32724	5448,1752,20624,2720,1087
40917	16674,2720,7974,4114,8019
90070	3252,5448,5930,1303,14546
4089	2720,5720,24750,10117,23966
73688	1087,4114,13781,156,4264
32738	10742,8936,358,841,1631
24571	1087,4264,5328,5546,16944
106491	13018,25488,4391,5328,9100
40958	1922,6290,5177,14121,26720
73727	3112,1406,4806,22432,2497
